Extended Statistical Analysis
==================================================

Extended Statistics for BTC.csv:
               Price        Volume    Market_cap       Return   Log_Return           MA_7        Vol_7          MA_14       Vol_14          MA_30       Vol_30         MA_90       Vol_90
count    4074.000000  4.074000e+03  4.074000e+03  4073.000000  4073.000000    4074.000000  4072.000000    4074.000000  4072.000000    4074.000000  4072.000000   4074.000000  4072.000000
mean    19377.550750  1.481855e+10  3.696085e+11     0.001857     0.001192   19306.939683     0.030763   19224.440643     0.032082   19033.253045     0.033224  18308.677013     0.034607
std     23580.210108  1.738626e+10  4.622059e+11     0.036379     0.036553   23471.714660     0.019417   23346.063658     0.017033   23043.593430     0.014714  21791.529283     0.011491
min       172.147900  2.857830e+06  2.362640e+09    -0.351903    -0.433714     203.151300     0.002763     221.626362     0.004730     224.437643     0.007947    236.047097     0.012781
25%       736.565923  7.699625e+08  1.068031e+10    -0.012624    -0.012704     734.365826     0.017804     731.313718     0.020284     729.646145     0.023183    722.137942     0.026582
50%      8763.829496  8.293849e+09  1.559908e+11     0.001161     0.001160    8737.005573     0.026100    8738.370129     0.028719    8719.563064     0.030797   8400.027341     0.032452
75%     30175.896238  2.363432e+10  5.812401e+11     0.016643     0.016506   30086.793813     0.039076   29910.017841     0.039459   29735.742310     0.040279  28553.062617     0.040741
max    106170.017209  1.788941e+11  2.103582e+12     0.332556     0.287099  104093.101588     0.148401  103593.899601     0.117767  100707.515947     0.095758  98450.077802     0.078972

Full Correlation Matrix:
               Price    Volume  Market_cap    Return  Log_Return      MA_7     Vol_7     MA_14    Vol_14     MA_30    Vol_30     MA_90    Vol_90
Price       1.000000  0.491530    0.999554  0.010348    0.012801  0.998600 -0.053076  0.996796 -0.072969  0.992488 -0.105373  0.972717 -0.165807
Volume      0.491530  1.000000    0.477334  0.006562    0.000624  0.492222  0.156787  0.490518  0.133625  0.484668  0.104551  0.467863  0.062471
Market_cap  0.999554  0.477334    1.000000  0.009258    0.011884  0.998174 -0.061461  0.996386 -0.082719  0.992098 -0.116447  0.972446 -0.179346
Return      0.010348  0.006562    0.009258  1.000000    0.998173 -0.011116  0.023162 -0.013359  0.017655 -0.015060  0.011863 -0.018985  0.002865
Log_Return  0.012801  0.000624    0.011884  0.998173    1.000000 -0.008614  0.000221 -0.010895 -0.000996 -0.012574 -0.003007 -0.016295 -0.007904
MA_7        0.998600  0.492222    0.998174 -0.011116   -0.008614  1.000000 -0.052690  0.999094 -0.073291  0.995307 -0.105367  0.976255 -0.165049
Vol_7      -0.053076  0.156787   -0.061461  0.023162    0.000221 -0.052690  1.000000 -0.050887  0.835118 -0.050041  0.677520 -0.056676  0.499760
MA_14       0.996796  0.490518    0.996386 -0.013359   -0.010895  0.999094 -0.050887  1.000000 -0.072525  0.997709 -0.104910  0.979999 -0.164056
Vol_14     -0.072969  0.133625   -0.082719  0.017655   -0.000996 -0.073291  0.835118 -0.072525  1.000000 -0.070893  0.830850 -0.076756  0.606813
MA_30       0.992488  0.484668    0.992098 -0.015060   -0.012574  0.995307 -0.050041  0.997709 -0.070893  1.000000 -0.103963  0.987394 -0.161865
Vol_30     -0.105373  0.104551   -0.116447  0.011863   -0.003007 -0.105367  0.677520 -0.104910  0.830850 -0.103963  1.000000 -0.107673  0.753544
MA_90       0.972717  0.467863    0.972446 -0.018985   -0.016295  0.976255 -0.056676  0.979999 -0.076756  0.987394 -0.107673  1.000000 -0.159013
Vol_90     -0.165807  0.062471   -0.179346  0.002865   -0.007904 -0.165049  0.499760 -0.164056  0.606813 -0.161865  0.753544 -0.159013  1.000000


==================================================

Extended Statistics for SOLANA.csv:
             Price        Volume    Market_cap       Return   Log_Return         MA_7        Vol_7        MA_14       Vol_14        MA_30       Vol_30        MA_90       Vol_90
count  1778.000000  1.778000e+03  1.778000e+03  1777.000000  1777.000000  1778.000000  1776.000000  1778.000000  1776.000000  1778.000000  1776.000000  1778.000000  1776.000000
mean     72.745752  1.323503e+09  2.894121e+10     0.005138     0.002911    72.456243     0.057735    72.086721     0.059912    71.177953     0.061792    67.573299     0.064376
std      71.226315  1.583006e+09  3.118642e+10     0.067091     0.066655    70.955395     0.034315    70.605401     0.030458    69.680115     0.026858    65.570319     0.022563
min       0.513923  5.489101e+05  4.171226e+06    -0.421956    -0.548105     0.553149     0.007917     0.582395     0.019259     0.584809     0.025838     0.627224     0.031555
25%      18.297071  2.672735e+08  6.746707e+09    -0.031425    -0.031930    18.535603     0.035250    18.297452     0.039475    18.271650     0.043186    18.926327     0.044747
50%      35.947639  9.188031e+08  1.177411e+10    -0.000003    -0.000003    35.867366     0.048959    35.716883     0.052417    35.779177     0.053307    35.993399     0.060627
75%     137.444929  1.865524e+09  5.051329e+10     0.036856     0.036193   138.598184     0.068390   140.170817     0.068960   139.757476     0.074869   131.594157     0.077863
max     262.332580  1.965298e+10  1.276431e+11     0.468859     0.384486   253.077907     0.253840   245.007445     0.209923   234.819431     0.209923   219.339227     0.209923

Full Correlation Matrix:
               Price    Volume  Market_cap    Return  Log_Return      MA_7     Vol_7     MA_14    Vol_14     MA_30    Vol_30     MA_90    Vol_90
Price       1.000000  0.693918    0.969148 -0.014582   -0.002684  0.995015 -0.272854  0.988576 -0.319381  0.973271 -0.388665  0.915456 -0.490479
Volume      0.693918  1.000000    0.658814  0.026222    0.021471  0.676286 -0.041405  0.659440 -0.113852  0.628276 -0.201368  0.571493 -0.313381
Market_cap  0.969148  0.658814    1.000000 -0.018952   -0.006641  0.965141 -0.295716  0.959791 -0.346259  0.946848 -0.420253  0.901258 -0.543031
Return     -0.014582  0.026222   -0.018952  1.000000    0.995586 -0.053473  0.097908 -0.057656  0.086005 -0.062869  0.056070 -0.069346  0.059021
Log_Return -0.002684  0.021471   -0.006641  0.995586    1.000000 -0.041968  0.056285 -0.046258  0.053239 -0.051212  0.031414 -0.057068  0.040059
MA_7        0.995015  0.676286    0.965141 -0.053473   -0.041968  1.000000 -0.275745  0.996741 -0.322192  0.983525 -0.388845  0.927179 -0.494468
Vol_7      -0.272854 -0.041405   -0.295716  0.097908    0.056285 -0.275745  1.000000 -0.275564  0.848782 -0.281407  0.675312 -0.299461  0.543624
MA_14       0.988576  0.659440    0.959791 -0.057656   -0.046258  0.996741 -0.275564  1.000000 -0.323367  0.992073 -0.389095  0.939295 -0.498529
Vol_14     -0.319381 -0.113852   -0.346259  0.086005    0.053239 -0.322192  0.848782 -0.323367  1.000000 -0.328551  0.829866 -0.350918  0.654519
MA_30       0.973271  0.628276    0.946848 -0.062869   -0.051212  0.983525 -0.281407  0.992073 -0.328551  1.000000 -0.394019  0.962358 -0.507761
Vol_30     -0.388665 -0.201368   -0.420253  0.056070    0.031414 -0.388845  0.675312 -0.389095  0.829866 -0.394019  1.000000 -0.420704  0.805849
MA_90       0.915456  0.571493    0.901258 -0.069346   -0.057068  0.927179 -0.299461  0.939295 -0.350918  0.962358 -0.420704  1.000000 -0.537353
Vol_90     -0.490479 -0.313381   -0.543031  0.059021    0.040059 -0.494468  0.543624 -0.498529  0.654519 -0.507761  0.805849 -0.537353  1.000000


==================================================

Extended Statistics for RIPPLE_price_only.csv:
             Price       Return   Log_Return         MA_7        Vol_7        MA_14       Vol_14        MA_30       Vol_30        MA_90       Vol_90
count  3918.000000  3917.000000  3917.000000  3918.000000  3916.000000  3918.000000  3916.000000  3918.000000  3916.000000  3918.000000  3916.000000
mean      0.417288     0.003588     0.001659     0.415268     0.045867     0.412920     0.049002     0.407609     0.052417     0.387408     0.057006
std       0.473684     0.066488     0.060565     0.466972     0.046132     0.458920     0.043092     0.439913     0.039727     0.364597     0.034392
min       0.002807    -0.422790    -0.549548     0.003205     0.000000     0.003312     0.003507     0.003658     0.008699     0.003840     0.021785
25%       0.014818    -0.019231    -0.019418     0.014308     0.021405     0.014558     0.024428     0.014799     0.028473     0.013443     0.034045
50%       0.325747    -0.000675    -0.000676     0.325591     0.033079     0.330760     0.036786     0.337293     0.039895     0.359758     0.046300
75%       0.544630     0.019694     0.019503     0.542681     0.053001     0.543586     0.055212     0.549851     0.060538     0.569161     0.067501
max       3.398450     1.413959     0.881268     3.175932     0.583205     3.133664     0.421255     2.865799     0.296930     2.490845     0.203431

Full Correlation Matrix:
               Price    Return  Log_Return      MA_7     Vol_7     MA_14    Vol_14     MA_30    Vol_30     MA_90    Vol_90
Price       1.000000  0.034810    0.031317  0.990093  0.168903  0.974792  0.191342  0.940375  0.215700  0.845886  0.194669
Return      0.034810  1.000000    0.985694 -0.021434  0.205268 -0.031325  0.162187 -0.038706  0.110765 -0.040496  0.069743
Log_Return  0.031317  0.985694    1.000000 -0.026951  0.146024 -0.036790  0.114575 -0.042914  0.071810 -0.040527  0.040806
MA_7        0.990093 -0.021434   -0.026951  1.000000  0.146650  0.992679  0.174034  0.961589  0.208198  0.864153  0.195864
Vol_7       0.168903  0.205268    0.146024  0.146650  1.000000  0.125191  0.816754  0.097070  0.653621  0.034702  0.501063
MA_14       0.974792 -0.031325   -0.036790  0.992679  0.125191  1.000000  0.150709  0.980988  0.193627  0.884604  0.195951
Vol_14      0.191342  0.162187    0.114575  0.174034  0.816754  0.150709  1.000000  0.111809  0.802119  0.032634  0.609503
MA_30       0.940375 -0.038706   -0.042914  0.961589  0.097070  0.980988  0.111809  1.000000  0.152211  0.926742  0.192094
Vol_30      0.215700  0.110765    0.071810  0.208198  0.653621  0.193627  0.802119  0.152211  1.000000  0.044113  0.764115
MA_90       0.845886 -0.040496   -0.040527  0.864153  0.034702  0.884604  0.032634  0.926742  0.044113  1.000000  0.134505
Vol_90      0.194669  0.069743    0.040806  0.195864  0.501063  0.195951  0.609503  0.192094  0.764115  0.134505  1.000000


==================================================

Extended Statistics for BTC_price_only.csv:
               Price       Return   Log_Return           MA_7        Vol_7          MA_14       Vol_14          MA_30       Vol_30         MA_90       Vol_90
count    5332.000000  5331.000000  5331.000000    5332.000000  5330.000000    5332.000000  5330.000000    5332.000000  5330.000000   5332.000000  5330.000000
mean    14819.000219     0.003777     0.002613   14764.634087     0.036342   14701.112601     0.038240   14553.863266     0.040024  13995.827228     0.042664
std     22184.024828     0.048278     0.048307   22085.096251     0.031197   21970.418785     0.028808   21695.543635     0.026474  20568.429770     0.023158
min         0.050541    -0.485699    -0.664948       0.056811     0.002579       0.059851     0.003966       0.061710     0.007470      0.063506     0.011553
25%       237.892850    -0.012676    -0.012757     238.132671     0.018346     236.952680     0.020712     236.845933     0.023966    247.825977     0.027125
50%      3849.344582     0.001589     0.001587    3818.892464     0.027663    3817.434737     0.030527    3749.769452     0.032570   3707.779943     0.035000
75%     21859.982488     0.018937     0.018760   21991.901754     0.043751   22067.552366     0.045806   21867.837607     0.046820  21272.311913     0.051223
max    106170.017209     0.547523     0.436655  104093.101588     0.304721  103593.899601     0.242413  100707.515947     0.175960  98450.077802     0.132817

Full Correlation Matrix:
               Price    Return  Log_Return      MA_7     Vol_7     MA_14    Vol_14     MA_30    Vol_30     MA_90    Vol_90
Price       1.000000 -0.020018   -0.011619  0.998791 -0.145407  0.997235 -0.176737  0.993518 -0.217823  0.976490 -0.297559
Return     -0.020018  1.000000    0.994259 -0.033271  0.085074 -0.034686  0.080614 -0.035808  0.053797 -0.038586  0.021305
Log_Return -0.011619  0.994259    1.000000 -0.024894  0.035559 -0.026329  0.040589 -0.027419  0.020629 -0.029966 -0.003056
MA_7        0.998791 -0.033271   -0.024894  1.000000 -0.145308  0.999218 -0.177021  0.995951 -0.217959  0.979541 -0.297418
Vol_7      -0.145407  0.085074    0.035559 -0.145308  1.000000 -0.144504  0.867062 -0.144470  0.721762 -0.149839  0.538963
MA_14       0.997235 -0.034686   -0.026329  0.999218 -0.144504  1.000000 -0.176797  0.998024 -0.217918  0.982768 -0.297204
Vol_14     -0.176737  0.080614    0.040589 -0.177021  0.867062 -0.176797  1.000000 -0.176449  0.857664 -0.181656  0.640679
MA_30       0.993518 -0.035808   -0.027419  0.995951 -0.144470  0.998024 -0.176449  1.000000 -0.217987  0.989141 -0.296886
Vol_30     -0.217823  0.053797    0.020629 -0.217959  0.721762 -0.217918  0.857664 -0.217987  1.000000 -0.222490  0.776362
MA_90       0.976490 -0.038586   -0.029966  0.979541 -0.149839  0.982768 -0.181656  0.989141 -0.222490  1.000000 -0.299228
Vol_90     -0.297559  0.021305   -0.003056 -0.297418  0.538963 -0.297204  0.640679 -0.296886  0.776362 -0.299228  1.000000


==================================================

Extended Statistics for Lido.csv:
             Price        Volume    Market_cap       Return   Log_Return         MA_7        Vol_7        MA_14       Vol_14        MA_30       Vol_30        MA_90       Vol_90
count  1521.000000  1.521000e+03  1.521000e+03  1520.000000  1520.000000  1521.000000  1519.000000  1521.000000  1519.000000  1521.000000  1519.000000  1521.000000  1519.000000
mean   2405.624797  3.378353e+07  1.281704e+10     0.001828     0.000982  2401.507944     0.035814  2396.814347     0.037049  2386.231697     0.038175  2342.481385     0.039881
std     879.658673  5.774960e+07  1.019010e+10     0.041156     0.041162   876.548422     0.019856   873.352014     0.017654   865.242909     0.015756   819.309451     0.014059
min     596.767711  6.217976e+01  4.424223e+06    -0.257777    -0.298105   596.767711     0.002087   596.767711     0.002087   596.767711     0.002087   596.767711     0.002087
25%    1665.492979  5.431803e+06  5.496269e+09    -0.017734    -0.017893  1661.343590     0.021937  1651.511206     0.024883  1649.592304     0.027156  1675.792494     0.029642
50%    2289.997250  1.516820e+07  9.037491e+09     0.001151     0.001151  2287.864588     0.031832  2285.778975     0.034043  2294.359175     0.034864  2341.166548     0.038136
75%    3133.319995  3.974561e+07  2.120873e+10     0.021336     0.021112  3141.791437     0.044425  3145.916214     0.045054  3143.214698     0.045470  3009.117143     0.046232
max    4775.452755  8.759778e+08  3.639521e+10     0.266177     0.236002  4664.784259     0.161953  4598.888999     0.124143  4424.863452     0.098134  4107.514686     0.080707

Full Correlation Matrix:
               Price    Volume  Market_cap    Return  Log_Return      MA_7     Vol_7     MA_14    Vol_14     MA_30    Vol_30     MA_90    Vol_90
Price       1.000000  0.204550    0.429127  0.023190    0.025867  0.987651 -0.018147  0.971632 -0.036542  0.938416 -0.071066  0.819567 -0.106340
Volume      0.204550  1.000000    0.417268 -0.115894   -0.121257  0.235510  0.054636  0.252047  0.019646  0.265151 -0.046049  0.274476 -0.152875
Market_cap  0.429127  0.417268    1.000000 -0.017154   -0.008919  0.428444 -0.325818  0.427307 -0.377198  0.423436 -0.451583  0.391268 -0.597500
Return      0.023190 -0.115894   -0.017154  1.000000    0.998518 -0.069192  0.059784 -0.077309  0.037138 -0.078853  0.021518 -0.080360  0.050081
Log_Return  0.025867 -0.121257   -0.008919  0.998518    1.000000 -0.067858  0.035930 -0.076698  0.017597 -0.077808  0.005108 -0.078424  0.037310
MA_7        0.987651  0.235510    0.428444 -0.069192   -0.067858  1.000000 -0.009855  0.991908 -0.030577  0.961455 -0.065110  0.842921 -0.112121
Vol_7      -0.018147  0.054636   -0.325818  0.059784    0.035930 -0.009855  1.000000  0.016119  0.849707  0.024854  0.714828 -0.005319  0.566797
MA_14       0.971632  0.252047    0.427307 -0.077309   -0.076698  0.991908  0.016119  1.000000 -0.012870  0.981217 -0.053303  0.867853 -0.116274
Vol_14     -0.036542  0.019646   -0.377198  0.037138    0.017597 -0.030577  0.849707 -0.012870  1.000000  0.012855  0.847043 -0.008687  0.664195
MA_30       0.938416  0.265151    0.423436 -0.078853   -0.077808  0.961455  0.024854  0.981217  0.012855  1.000000 -0.031253  0.917041 -0.123851
Vol_30     -0.071066 -0.046049   -0.451583  0.021518    0.005108 -0.065110  0.714828 -0.053303  0.847043 -0.031253  1.000000 -0.030323  0.798767
MA_90       0.819567  0.274476    0.391268 -0.080360   -0.078424  0.842921 -0.005319  0.867853 -0.008687  0.917041 -0.030323  1.000000 -0.120275
Vol_90     -0.106340 -0.152875   -0.597500  0.050081    0.037310 -0.112121  0.566797 -0.116274  0.664195 -0.123851  0.798767 -0.120275  1.000000


==================================================

Extended Statistics for USDC.csv:
             Price        Volume    Market_cap       Return   Log_Return         MA_7        Vol_7        MA_14       Vol_14        MA_30       Vol_30        MA_90       Vol_90
count  2314.000000  2.314000e+03  2.314000e+03  2313.000000  2313.000000  2314.000000  2312.000000  2314.000000  2312.000000  2314.000000  2312.000000  2314.000000  2312.000000
mean      1.000871  1.844561e+09  2.293148e+10    -0.000012    -0.000016     1.000911     0.002156     1.000940     0.002223     1.000985     0.002328     1.001157     0.002559
std       0.003739  2.976502e+09  1.903034e+10     0.002914     0.002915     0.003251     0.002236     0.003136     0.002095     0.002929     0.002000     0.002871     0.001957
min       0.971143  1.117877e+05  2.459024e+07    -0.027075    -0.027448     0.991987     0.000078     0.993536     0.000164     0.995323     0.000205     0.999148     0.000276
25%       0.999681  4.732978e+08  7.377088e+08    -0.000744    -0.000744     0.999839     0.000610     0.999931     0.000738     1.000004     0.000945     1.000058     0.001242
50%       1.000179  1.062856e+09  2.614978e+10     0.000010     0.000010     1.000227     0.001623     1.000242     0.001739     1.000267     0.001839     1.000325     0.002331
75%       1.001257  2.445724e+09  3.695743e+10     0.000831     0.000830     1.001123     0.002757     1.000986     0.002761     1.000876     0.003124     1.001066     0.003562
max       1.043465  1.102918e+11  5.721717e+10     0.025694     0.025369     1.038785     0.014964     1.038785     0.012595     1.038785     0.012595     1.038785     0.012595

Full Correlation Matrix:
               Price    Volume  Market_cap    Return  Log_Return      MA_7     Vol_7     MA_14    Vol_14     MA_30    Vol_30     MA_90    Vol_90
Price       1.000000 -0.021257   -0.121049  0.372165    0.371378  0.792465  0.314585  0.703718  0.322441  0.585226  0.323316  0.526002  0.376964
Volume     -0.021257  1.000000    0.305281  0.009287    0.009171 -0.030810  0.057720 -0.040530  0.057076 -0.047715  0.052806 -0.050905  0.024347
Market_cap -0.121049  0.305281    1.000000  0.005197    0.006003 -0.152104 -0.326449 -0.166636 -0.350311 -0.193623 -0.375696 -0.262590 -0.422996
Return      0.372165  0.009287    0.005197  1.000000    0.999979 -0.071981 -0.008127 -0.077580 -0.016901 -0.069520 -0.013089 -0.054269 -0.015922
Log_Return  0.371378  0.009171    0.006003  0.999979    1.000000 -0.073326 -0.011131 -0.078989 -0.019483 -0.071142 -0.015326 -0.056232 -0.017925
MA_7        0.792465 -0.030810   -0.152104 -0.071981   -0.073326  1.000000  0.405456  0.939692  0.434430  0.800833  0.430011  0.699570  0.491292
Vol_7       0.314585  0.057720   -0.326449 -0.008127   -0.011131  0.405456  1.000000  0.434546  0.882033  0.475611  0.790399  0.564277  0.698673
MA_14       0.703718 -0.040530   -0.166636 -0.077580   -0.078989  0.939692  0.434546  1.000000  0.473210  0.901435  0.480616  0.766592  0.539171
Vol_14      0.322441  0.057076   -0.350311 -0.016901   -0.019483  0.434430  0.882033  0.473210  1.000000  0.520350  0.893739  0.627368  0.779783
MA_30       0.585226 -0.047715   -0.193623 -0.069520   -0.071142  0.800833  0.475611  0.901435  0.520350  1.000000  0.560634  0.857316  0.617303
Vol_30      0.323316  0.052806   -0.375696 -0.013089   -0.015326  0.430011  0.790399  0.480616  0.893739  0.560634  1.000000  0.696822  0.877272
MA_90       0.526002 -0.050905   -0.262590 -0.054269   -0.056232  0.699570  0.564277  0.766592  0.627368  0.857316  0.696822  1.000000  0.776448
Vol_90      0.376964  0.024347   -0.422996 -0.015922   -0.017925  0.491292  0.698673  0.539171  0.779783  0.617303  0.877272  0.776448  1.000000


==================================================

Extended Statistics for RIPPLE.csv:
             Price        Volume    Market_cap       Return   Log_Return         MA_7        Vol_7        MA_14       Vol_14        MA_30       Vol_30        MA_90       Vol_90
count  3918.000000  3.918000e+03  3.918000e+03  3917.000000  3917.000000  3918.000000  3916.000000  3918.000000  3916.000000  3918.000000  3916.000000  3918.000000  3916.000000
mean      0.417288  1.747654e+09  2.005285e+10     0.003588     0.001659     0.415268     0.045867     0.412920     0.049002     0.407609     0.052417     0.387408     0.057006
std       0.473684  3.403776e+09  2.494982e+10     0.066488     0.060565     0.466972     0.046132     0.458920     0.043092     0.439913     0.039727     0.364597     0.034392
min       0.002807  2.140786e+03  2.194481e+07    -0.422790    -0.549548     0.003205     0.000000     0.003312     0.003507     0.003658     0.008699     0.003840     0.021785
25%       0.014818  3.240050e+06  4.648757e+08    -0.019231    -0.019418     0.014308     0.021405     0.014558     0.024428     0.014799     0.028473     0.013443     0.034045
50%       0.325747  7.326863e+08  1.369385e+10    -0.000675    -0.000676     0.325591     0.033079     0.330760     0.036786     0.337293     0.039895     0.359758     0.046300
75%       0.544630  2.001983e+09  2.807317e+10     0.019694     0.019503     0.542681     0.053001     0.543586     0.055212     0.549851     0.060538     0.569161     0.067501
max       3.398450  6.246813e+10  1.904935e+11     1.413959     0.881268     3.175932     0.583205     3.133664     0.421255     2.865799     0.296930     2.490845     0.203431

Full Correlation Matrix:
               Price    Volume  Market_cap    Return  Log_Return      MA_7     Vol_7     MA_14    Vol_14     MA_30    Vol_30     MA_90    Vol_90
Price       1.000000  0.429419    0.984899  0.034810    0.031317  0.990093  0.168903  0.974792  0.191342  0.940375  0.215700  0.845886  0.194669
Volume      0.429419  1.000000    0.412517  0.084954    0.069091  0.411384  0.233419  0.395351  0.211334  0.359730  0.183020  0.309447  0.109561
Market_cap  0.984899  0.412517    1.000000  0.029416    0.028137  0.975815  0.122915  0.962121  0.138649  0.930545  0.153600  0.830680  0.127568
Return      0.034810  0.084954    0.029416  1.000000    0.985694 -0.021434  0.205268 -0.031325  0.162187 -0.038706  0.110765 -0.040496  0.069743
Log_Return  0.031317  0.069091    0.028137  0.985694    1.000000 -0.026951  0.146024 -0.036790  0.114575 -0.042914  0.071810 -0.040527  0.040806
MA_7        0.990093  0.411384    0.975815 -0.021434   -0.026951  1.000000  0.146650  0.992679  0.174034  0.961589  0.208198  0.864153  0.195864
Vol_7       0.168903  0.233419    0.122915  0.205268    0.146024  0.146650  1.000000  0.125191  0.816754  0.097070  0.653621  0.034702  0.501063
MA_14       0.974792  0.395351    0.962121 -0.031325   -0.036790  0.992679  0.125191  1.000000  0.150709  0.980988  0.193627  0.884604  0.195951
Vol_14      0.191342  0.211334    0.138649  0.162187    0.114575  0.174034  0.816754  0.150709  1.000000  0.111809  0.802119  0.032634  0.609503
MA_30       0.940375  0.359730    0.930545 -0.038706   -0.042914  0.961589  0.097070  0.980988  0.111809  1.000000  0.152211  0.926742  0.192094
Vol_30      0.215700  0.183020    0.153600  0.110765    0.071810  0.208198  0.653621  0.193627  0.802119  0.152211  1.000000  0.044113  0.764115
MA_90       0.845886  0.309447    0.830680 -0.040496   -0.040527  0.864153  0.034702  0.884604  0.032634  0.926742  0.044113  1.000000  0.134505
Vol_90      0.194669  0.109561    0.127568  0.069743    0.040806  0.195864  0.501063  0.195951  0.609503  0.192094  0.764115  0.134505  1.000000


==================================================

Extended Statistics for ETH.csv:
             Price        Volume    Market_cap       Return   Log_Return         MA_7        Vol_7        MA_14       Vol_14        MA_30       Vol_30        MA_90       Vol_90
count  3484.000000  3.484000e+03  3.484000e+03  3483.000000  3483.000000  3484.000000  3482.000000  3484.000000  3482.000000  3484.000000  3482.000000  3484.000000  3482.000000
mean   1180.175870  9.172483e+09  1.387795e+11     0.003689     0.002182  1177.853235     0.045300  1175.149316     0.047522  1168.736867     0.049625  1140.419550     0.052801
std    1246.392720  1.151895e+10  1.499347e+11     0.054969     0.054989  1243.929443     0.033971  1241.280596     0.033101  1235.085930     0.032583  1205.056990     0.032182
min       0.432979  8.707480e+04  3.207605e+07    -0.483310    -0.660311     0.503134     0.003212     0.541268     0.006391     0.605360     0.008011     0.805484     0.015846
25%     157.609753  9.673374e+08  1.655601e+10    -0.020178    -0.020384   157.759062     0.025611   156.396808     0.028883   155.537490     0.031930   160.480694     0.036462
50%     475.826879  6.413227e+09  4.915383e+10     0.000763     0.000763   466.659380     0.037406   465.144773     0.040772   471.478153     0.042777   476.664629     0.045138
75%    1996.368192  1.272022e+10  2.381067e+11     0.024936     0.024630  1999.205328     0.055435  1981.371572     0.056397  1955.028544     0.056944  1889.243106     0.062652
max    4815.004634  1.409065e+11  5.716658e+11     0.552358     0.439775  4705.155858     0.732327  4637.296102     0.732327  4462.360849     0.732327  4138.504579     0.732327

Full Correlation Matrix:
               Price    Volume  Market_cap    Return  Log_Return      MA_7     Vol_7     MA_14    Vol_14     MA_30    Vol_30     MA_90    Vol_90
Price       1.000000  0.471320    0.999457 -0.021487   -0.010950  0.997198 -0.221144  0.993564 -0.255780  0.985876 -0.292306  0.957845 -0.352732
Volume      0.471320  1.000000    0.464969 -0.010826   -0.014392  0.473761  0.032006  0.470210 -0.020334  0.452245 -0.075775  0.402797 -0.159380
Market_cap  0.999457  0.464969    1.000000 -0.023492   -0.012885  0.996917 -0.225767  0.993550 -0.260329  0.986436 -0.296743  0.960178 -0.356089
Return     -0.021487 -0.010826   -0.023492  1.000000    0.994779 -0.047846  0.152409 -0.050378  0.137216 -0.051885  0.121814 -0.052850  0.108350
Log_Return -0.010950 -0.014392   -0.012885  0.994779    1.000000 -0.037683  0.107703 -0.040365  0.098458 -0.041709  0.088113 -0.042070  0.078615
MA_7        0.997198  0.473761    0.996917 -0.047846   -0.037683  1.000000 -0.219564  0.998172 -0.255067  0.991189 -0.291700  0.963282 -0.353141
Vol_7      -0.221144  0.032006   -0.225767  0.152409    0.107703 -0.219564  1.000000 -0.215006  0.883149 -0.215343  0.756358 -0.231266  0.651222
MA_14       0.993564  0.470210    0.993550 -0.050378   -0.040365  0.998172 -0.215006  1.000000 -0.252396  0.995718 -0.290254  0.969085 -0.353228
Vol_14     -0.255780 -0.020334   -0.260329  0.137216    0.098458 -0.255067  0.883149 -0.252396  1.000000 -0.249814  0.884086 -0.264584  0.760814
MA_30       0.985876  0.452245    0.986436 -0.051885   -0.041709  0.991189 -0.215343  0.995718 -0.249814  1.000000 -0.288249  0.980597 -0.353482
Vol_30     -0.292306 -0.075775   -0.296743  0.121814    0.088113 -0.291700  0.756358 -0.290254  0.884086 -0.288249  1.000000 -0.298955  0.873835
MA_90       0.957845  0.402797    0.960178 -0.052850   -0.042070  0.963282 -0.231266  0.969085 -0.264584  0.980597 -0.298955  1.000000 -0.357317
Vol_90     -0.352732 -0.159380   -0.356089  0.108350    0.078615 -0.353141  0.651222 -0.353228  0.760814 -0.353482  0.873835 -0.357317  1.000000


==================================================

Extended Statistics for CARDANO.csv:
             Price        Volume    Market_cap       Return   Log_Return         MA_7        Vol_7        MA_14       Vol_14        MA_30       Vol_30        MA_90       Vol_90
count  2684.000000  2.684000e+03  2.684000e+03  2683.000000  2683.000000  2684.000000  2682.000000  2684.000000  2682.000000  2684.000000  2682.000000  2684.000000  2682.000000
mean      0.480709  8.302740e+08  1.591528e+10     0.003127     0.001246     0.479871     0.049404     0.478887     0.051947     0.476626     0.053830     0.466520     0.057228
std       0.537385  1.613697e+09  1.744969e+10     0.065402     0.059966     0.535717     0.039946     0.534057     0.037959     0.529656     0.035395     0.511363     0.035220
min       0.021321  1.729975e+06  5.527801e+08    -0.408091    -0.524402     0.022232     0.002994     0.024586     0.011427     0.025815     0.012271     0.025815     0.017811
25%       0.086822  1.076644e+08  2.701715e+09    -0.025932    -0.026274     0.086013     0.027864     0.086131     0.032041     0.084442     0.036559     0.081955     0.038569
50%       0.330806  2.412116e+08  1.112915e+10     0.000200     0.000200     0.334754     0.041155     0.334694     0.044451     0.328734     0.047323     0.333129     0.050522
75%       0.581980  7.082732e+08  1.996535e+10     0.025097     0.024788     0.580561     0.059404     0.565960     0.061498     0.560943     0.058890     0.547562     0.061100
max       2.967075  1.743601e+10  9.500373e+10     1.392074     0.872161     2.881635     0.539941     2.834795     0.394903     2.654712     0.326186     2.310158     0.245233

Full Correlation Matrix:
               Price    Volume  Market_cap    Return  Log_Return      MA_7     Vol_7     MA_14    Vol_14     MA_30    Vol_30     MA_90    Vol_90
Price       1.000000  0.658573    0.996548  0.013116    0.015491  0.994662  0.045919  0.987849  0.038870  0.968761  0.062660  0.908002  0.070697
Volume      0.658573  1.000000    0.646030  0.079325    0.074362  0.640650  0.200588  0.620709  0.168009  0.574977  0.148888  0.474507  0.097255
Market_cap  0.996548  0.646030    1.000000  0.009632    0.013138  0.991412  0.022103  0.984719  0.011150  0.965961  0.026685  0.905323  0.024415
Return      0.013116  0.079325    0.009632  1.000000    0.984872 -0.029335  0.212195 -0.034513  0.158833 -0.042007  0.155469 -0.044690  0.101156
Log_Return  0.015491  0.074362    0.013138  0.984872    1.000000 -0.029097  0.152406 -0.034220  0.112656 -0.041147  0.112708 -0.042208  0.064054
MA_7        0.994662  0.640650    0.991412 -0.029335   -0.029097  1.000000  0.032516  0.996646  0.029237  0.980597  0.053260  0.919571  0.065678
Vol_7       0.045919  0.200588    0.022103  0.212195    0.152406  0.032516  1.000000  0.019898  0.800401 -0.003339  0.719828 -0.047355  0.593837
MA_14       0.987849  0.620709    0.984719 -0.034513   -0.034220  0.996646  0.019898  1.000000  0.016139  0.990565  0.039137  0.931710  0.059579
Vol_14      0.038870  0.168009    0.011150  0.158833    0.112656  0.029237  0.800401  0.016139  1.000000 -0.011818  0.892339 -0.065260  0.725338
MA_30       0.968761  0.574977    0.965961 -0.042007   -0.041147  0.980597 -0.003339  0.990565 -0.011818  1.000000  0.007737  0.956668  0.045644
Vol_30      0.062660  0.148888    0.026685  0.155469    0.112708  0.053260  0.719828  0.039137  0.892339  0.007737  1.000000 -0.064772  0.835938
MA_90       0.908002  0.474507    0.905323 -0.044690   -0.042208  0.919571 -0.047355  0.931710 -0.065260  0.956668 -0.064772  1.000000 -0.022133
Vol_90      0.070697  0.097255    0.024415  0.101156    0.064054  0.065678  0.593837  0.059579  0.725338  0.045644  0.835938 -0.022133  1.000000


==================================================

Extended Statistics for TRON.csv:
             Price        Volume    Market_cap       Return   Log_Return         MA_7        Vol_7        MA_14       Vol_14        MA_30       Vol_30        MA_90       Vol_90
count  2662.000000  2.662000e+03  2.662000e+03  2661.000000  2661.000000  2662.000000  2660.000000  2662.000000  2660.000000  2662.000000  2660.000000  2662.000000  2660.000000
mean      0.067518  7.626019e+08  5.593635e+09     0.003805     0.001729     0.067249     0.045196     0.066937     0.047680     0.066233     0.050147     0.063558     0.055322
std       0.053229  1.010501e+09  4.704019e+09     0.070568     0.062297     0.052598     0.051227     0.052000     0.050007     0.050803     0.048240     0.045692     0.049127
min       0.001804  1.649305e+04  1.182352e+08    -0.425582    -0.554397     0.002034     0.002923     0.002034     0.007791     0.002034     0.009946     0.002034     0.013479
25%       0.025090  1.545515e+08  1.689873e+09    -0.018345    -0.018515     0.025013     0.017693     0.024990     0.020085     0.025142     0.022347     0.024829     0.023378
50%       0.061447  4.217434e+08  5.176266e+09     0.001405     0.001404     0.061537     0.032568     0.061946     0.035595     0.061939     0.038124     0.060536     0.048714
75%       0.088615  1.044114e+09  7.447814e+09     0.019632     0.019442     0.088457     0.053592     0.088123     0.057494     0.088892     0.059821     0.084002     0.060906
max       0.425968  1.301873e+10  3.675717e+10     1.223484     0.799075     0.329347     0.507482     0.307812     0.426812     0.279700     0.382700     0.251101     0.302490

Full Correlation Matrix:
               Price    Volume  Market_cap    Return  Log_Return      MA_7     Vol_7     MA_14    Vol_14     MA_30    Vol_30     MA_90    Vol_90
Price       1.000000  0.022874    0.990001  0.037660    0.033292  0.989758 -0.030658  0.981120 -0.021584  0.966085 -0.003677  0.929413 -0.035619
Volume      0.022874  1.000000   -0.036658  0.090637    0.072921 -0.004366  0.275680 -0.022699  0.243884 -0.055035  0.202526 -0.129146  0.103729
Market_cap  0.990001 -0.036658    1.000000  0.027080    0.026414  0.982143 -0.088211  0.975937 -0.084647  0.965425 -0.074056  0.942270 -0.107784
Return      0.037660  0.090637    0.027080  1.000000    0.981482 -0.034633  0.216385 -0.037874  0.176735 -0.042924  0.136604 -0.042932  0.105147
Log_Return  0.033292  0.072921    0.026414  0.981482    1.000000 -0.034732  0.142490 -0.036257  0.107523 -0.038165  0.075877 -0.033151  0.054118
MA_7        0.989758 -0.004366    0.982143 -0.034633   -0.034732  1.000000 -0.062816  0.994736 -0.036351  0.980188 -0.012034  0.941178 -0.038009
Vol_7      -0.030658  0.275680   -0.088211  0.216385    0.142490 -0.062816  1.000000 -0.100387  0.873693 -0.142263  0.765874 -0.208425  0.645079
MA_14       0.981120 -0.022699    0.975937 -0.037874   -0.036257  0.994736 -0.100387  1.000000 -0.062896  0.990626 -0.026389  0.951572 -0.042158
Vol_14     -0.021584  0.243884   -0.084647  0.176735    0.107523 -0.036351  0.873693 -0.062896  1.000000 -0.119600  0.888355 -0.205754  0.737004
MA_30       0.966085 -0.055035    0.965425 -0.042924   -0.038165  0.980188 -0.142263  0.990626 -0.119600  1.000000 -0.065841  0.969795 -0.052767
Vol_30     -0.003677  0.202526   -0.074056  0.136604    0.075877 -0.012034  0.765874 -0.026389  0.888355 -0.065841  1.000000 -0.181381  0.836285
MA_90       0.929413 -0.129146    0.942270 -0.042932   -0.033151  0.941178 -0.208425  0.951572 -0.205754  0.969795 -0.181381  1.000000 -0.116240
Vol_90     -0.035619  0.103729   -0.107784  0.105147    0.054118 -0.038009  0.645079 -0.042158  0.737004 -0.052767  0.836285 -0.116240  1.000000


==================================================

Extended Statistics for BNB.csv:
             Price        Volume    Market_cap       Return   Log_Return         MA_7        Vol_7        MA_14       Vol_14        MA_30       Vol_30        MA_90       Vol_90
count  2714.000000  2.714000e+03  2.714000e+03  2713.000000  2713.000000  2714.000000  2712.000000  2714.000000  2712.000000  2714.000000  2712.000000  2714.000000  2712.000000
mean    223.606516  8.255104e+08  3.512629e+10     0.013852     0.003209   222.883757     0.071503   222.031002     0.083103   220.168324     0.100286   212.629780     0.147421
std     219.167445  1.400515e+09  3.456579e+10     0.491487     0.094700   218.442011     0.486460   217.626346     0.484144   215.938968     0.481056   208.118368     0.525377
min       0.039818  7.178010e-01  3.981770e+06    -0.633017    -1.002439     0.054207     0.004739     0.080736     0.008205     0.107251     0.010279     0.107251     0.013577
25%      16.365031  1.772711e+08  2.408500e+09    -0.017680    -0.017838    16.250790     0.022252    16.307344     0.024954    16.304147     0.027903    16.411443     0.029314
50%     228.904211  3.698478e+08  3.571612e+10     0.000913     0.000912   230.389917     0.033485   229.704611     0.037406   229.965816     0.037378   223.338144     0.039570
75%     367.416592  9.266055e+08  5.813355e+10     0.022844     0.022587   367.173408     0.052264   370.534006     0.050710   366.759194     0.053098   371.022283     0.052343
max     751.419051  2.210352e+10  1.156104e+11    25.309653     3.269936   729.788730     9.595036   720.302699     6.779232   704.586077     4.634049   678.801419     3.916088

Full Correlation Matrix:
               Price    Volume  Market_cap    Return  Log_Return      MA_7     Vol_7     MA_14    Vol_14     MA_30    Vol_30     MA_90    Vol_90
Price       1.000000  0.379565    0.998475 -0.022601   -0.013217  0.997164 -0.077227  0.993698 -0.098796  0.986067 -0.132749  0.956717 -0.202082
Volume      0.379565  1.000000    0.384184 -0.000285    0.035897  0.369046 -0.011645  0.359040 -0.026522  0.336756 -0.049273  0.264379 -0.087784
Market_cap  0.998475  0.384184    1.000000 -0.022906   -0.014887  0.995987 -0.077225  0.992843 -0.098806  0.985852 -0.132722  0.958720 -0.203542
Return     -0.022601 -0.000285   -0.022906  1.000000    0.764350 -0.025933  0.374868 -0.026244  0.265768 -0.026424  0.182846 -0.026846  0.147794
Log_Return -0.013217  0.035897   -0.014887  0.764350    1.000000 -0.029693  0.261132 -0.031276  0.184012 -0.032025  0.133244 -0.033034  0.134997
MA_7        0.997164  0.369046    0.995987 -0.025933   -0.029693  1.000000 -0.077578  0.998217 -0.099154  0.991340 -0.132974  0.962448 -0.202650
Vol_7      -0.077227 -0.011645   -0.077225  0.374868    0.261132 -0.077578  1.000000 -0.077714  0.711844 -0.078190  0.488803 -0.080878  0.381222
MA_14       0.993698  0.359040    0.992843 -0.026244   -0.031276  0.998217 -0.077714  1.000000 -0.099404  0.995790 -0.133193  0.968411 -0.203349
Vol_14     -0.098796 -0.026522   -0.098806  0.265768    0.184012 -0.099154  0.711844 -0.099404  1.000000 -0.099881  0.686800 -0.102675  0.509087
MA_30       0.986067  0.336756    0.985852 -0.026424   -0.032025  0.991340 -0.078190  0.995790 -0.099881  1.000000 -0.133745  0.980184 -0.205129
Vol_30     -0.132749 -0.049273   -0.132722  0.182846    0.133244 -0.132974  0.488803 -0.133193  0.686800 -0.133745  1.000000 -0.136732  0.680224
MA_90       0.956717  0.264379    0.958720 -0.026846   -0.033034  0.962448 -0.080878  0.968411 -0.102675  0.980184 -0.136732  1.000000 -0.209920
Vol_90     -0.202082 -0.087784   -0.203542  0.147794    0.134997 -0.202650  0.381222 -0.203349  0.509087 -0.205129  0.680224 -0.209920  1.000000


==================================================

Extended Statistics for DOGE.csv:
             Price        Volume    Market_cap       Return   Log_Return         MA_7        Vol_7        MA_14       Vol_14        MA_30       Vol_30        MA_90       Vol_90
count  3913.000000  3.913000e+03  3.913000e+03  3912.000000  3912.000000  3913.000000  3911.000000  3913.000000  3911.000000  3913.000000  3911.000000  3913.000000  3911.000000
mean      0.055805  6.933734e+08  7.664823e+09     0.004201     0.001660     0.055613     0.050793     0.055379     0.054438     0.054825     0.058206     0.052220     0.063964
std       0.092493  2.533821e+09  1.276986e+10     0.086270     0.067255     0.091839     0.068190     0.091144     0.065704     0.089545     0.062714     0.081977     0.057396
min       0.000087  8.554881e+03  8.628938e+06    -0.397744    -0.507072     0.000090     0.003991     0.000093     0.007013     0.000100     0.010657     0.000121     0.011806
25%       0.000297  6.447876e+05  2.980315e+07    -0.023443    -0.023723     0.000297     0.022449     0.000297     0.027211     0.000295     0.031225     0.000264     0.036463
50%       0.003055  7.305739e+07  3.605922e+08    -0.001275    -0.001276     0.003050     0.036961     0.003058     0.040059     0.003033     0.043790     0.003053     0.050755
75%       0.080144  4.243943e+08  1.115774e+10     0.021243     0.021021     0.079928     0.058150     0.080436     0.061391     0.080685     0.064479     0.081068     0.074155
max       0.681842  5.096065e+10  8.879477e+10     3.389010     1.479104     0.588585     1.310058     0.542362     0.926669     0.446345     0.649410     0.362223     0.397964

Full Correlation Matrix:
               Price    Volume  Market_cap    Return  Log_Return      MA_7     Vol_7     MA_14    Vol_14     MA_30    Vol_30     MA_90    Vol_90
Price       1.000000  0.600897    0.997834  0.021647    0.020719  0.990898  0.089835  0.980882  0.107326  0.956493  0.138941  0.882380  0.179815
Volume      0.600897  1.000000    0.583418  0.212446    0.176457  0.543881  0.346971  0.495925  0.363304  0.428210  0.375649  0.311520  0.396409
Market_cap  0.997834  0.583418    1.000000  0.018562    0.017904  0.989234  0.081572  0.979508  0.097486  0.955530  0.125969  0.880473  0.161330
Return      0.021647  0.212446    0.018562  1.000000    0.942223 -0.017615  0.282184 -0.021054  0.238800 -0.025118  0.158422 -0.027323  0.110458
Log_Return  0.020719  0.176457    0.017904  0.942223    1.000000 -0.023479  0.175576 -0.026285  0.162594 -0.029597  0.098455 -0.028759  0.069549
MA_7        0.990898  0.543881    0.989234 -0.017615   -0.023479  1.000000  0.075288  0.994548  0.093220  0.973262  0.128578  0.897613  0.170160
Vol_7       0.089835  0.346971    0.081572  0.282184    0.175576  0.075288  1.000000  0.057680  0.817818  0.036246  0.631152 -0.005546  0.453201
MA_14       0.980882  0.495925    0.979508 -0.021054   -0.026285  0.994548  0.057680  1.000000  0.075932  0.987171  0.112965  0.913412  0.156793
Vol_14      0.107326  0.363304    0.097486  0.238800    0.162594  0.093220  0.817818  0.075932  1.000000  0.045820  0.786873 -0.004646  0.558894
MA_30       0.956493  0.428210    0.955530 -0.025118   -0.029597  0.973262  0.036246  0.987171  0.045820  1.000000  0.076860  0.944867  0.135585
Vol_30      0.138941  0.375649    0.125969  0.158422    0.098455  0.128578  0.631152  0.112965  0.786873  0.076860  1.000000  0.003289  0.696380
MA_90       0.882380  0.311520    0.880473 -0.027323   -0.028759  0.897613 -0.005546  0.913412 -0.004646  0.944867  0.003289  1.000000  0.067998
Vol_90      0.179815  0.396409    0.161330  0.110458    0.069549  0.170160  0.453201  0.156793  0.558894  0.135585  0.696380  0.067998  1.000000


==================================================

Extended Statistics for Theter.csv:
             Price        Volume    Market_cap       Return   Log_Return         MA_7        Vol_7        MA_14       Vol_14        MA_30       Vol_30        MA_90       Vol_90
count  3626.000000  3.626000e+03  3.626000e+03  3625.000000  3625.000000  3626.000000  3624.000000  3626.000000  3624.000000  3626.000000  3624.000000  3626.000000  3624.000000
mean      1.000710  2.028694e+10  3.614761e+10     0.000093    -0.000053     1.000716     0.003906     1.000685     0.004636     1.000644     0.005703     1.000582     0.008241
std       0.014279  3.903697e+10  4.283271e+10     0.017107     0.017515     0.010503     0.025089     0.009509     0.027857     0.007993     0.030610     0.006030     0.033948
min       0.572521  2.000000e+00  1.440460e+05    -0.526905    -0.748458     0.891340     0.000000     0.891340     0.000000     0.891340     0.000000     0.891340     0.000000
25%       0.999831  4.250569e+07  4.047091e+08    -0.000548    -0.000548     0.999978     0.000346     0.999993     0.000398     0.999998     0.000442     0.999998     0.000809
50%       1.000000  8.137695e+08  4.295027e+09     0.000000     0.000000     1.000132     0.001255     1.000177     0.001397     1.000228     0.001610     1.000325     0.001968
75%       1.000966  3.477866e+10  7.329319e+10     0.000570     0.000570     1.000884     0.002811     1.000857     0.002917     1.000868     0.003175     1.000942     0.004520
max       1.323095  9.267677e+11  1.421797e+11     0.746661     0.557706     1.210160     0.900547     1.210160     0.900547     1.210160     0.900547     1.210160     0.900547

Full Correlation Matrix:
               Price    Volume  Market_cap    Return  Log_Return      MA_7     Vol_7     MA_14    Vol_14     MA_30    Vol_30     MA_90    Vol_90
Price       1.000000  0.004006   -0.006719  0.416880    0.509886  0.730919  0.096547  0.604291  0.066337  0.471789  0.038521  0.391850  0.010781
Volume      0.004006  1.000000    0.087040 -0.000419    0.003758  0.003588 -0.026046  0.005286 -0.036576  0.009385 -0.050916  0.020082 -0.082016
Market_cap -0.006719  0.087040    1.000000 -0.004322    0.002628 -0.009708 -0.082666 -0.007944 -0.095229 -0.004928 -0.114332  0.006106 -0.162916
Return      0.416880 -0.000419   -0.004322  1.000000    0.960526 -0.014626  0.491590 -0.025818  0.447602 -0.010541  0.407321  0.002025  0.366964
Log_Return  0.509886  0.003758    0.002628  0.960526    1.000000  0.033455  0.427809  0.031381  0.392526  0.062672  0.358384  0.118578  0.324684
MA_7        0.730919  0.003588   -0.009708 -0.014626    0.033455  1.000000 -0.028643  0.898784 -0.065110  0.676550 -0.093003  0.487067 -0.119970
Vol_7       0.096547 -0.026046   -0.082666  0.491590    0.427809 -0.028643  1.000000 -0.046703  0.887374 -0.088354  0.793412 -0.321642  0.686282
MA_14       0.604291  0.005286   -0.007944 -0.025818    0.031381  0.898784 -0.046703  1.000000 -0.088232  0.829124 -0.120740  0.581650 -0.154610
Vol_14      0.066337 -0.036576   -0.095229  0.447602    0.392526 -0.065110  0.887374 -0.088232  1.000000 -0.113217  0.899520 -0.348374  0.780134
MA_30       0.471789  0.009385   -0.004928 -0.010541    0.062672  0.676550 -0.088354  0.829124 -0.113217  1.000000 -0.164827  0.738629 -0.210050
Vol_30      0.038521 -0.050916   -0.114332  0.407321    0.358384 -0.093003  0.793412 -0.120740  0.899520 -0.164827  1.000000 -0.361569  0.873678
MA_90       0.391850  0.020082    0.006106  0.002025    0.118578  0.487067 -0.321642  0.581650 -0.348374  0.738629 -0.361569  1.000000 -0.353591
Vol_90      0.010781 -0.082016   -0.162916  0.366964    0.324684 -0.119970  0.686282 -0.154610  0.780134 -0.210050  0.873678 -0.353591  1.000000


